14 3 8 12 10 22 15 11 22 13 3 17 3 18 14 4 5 25 25 6 19 8 13 19 24 1 7 22 14 25 
19 23 10 12 14 5 20 17 15 18 25 2 4 16 9 25 25 11 6 5 8 13 20 15 13 6 15 15 14 9 
16 18 23 23 19 5 8 16 4 10 10 14 10 7 7 17 5 22 10 24 2 22 17 9 17 6 4 20 25 9 
15 6 4 6 3 7 4 7 22 5 18 10 7 22 21 20 4 13 9 22 2 19 5 15 8 19 2 15 7 14 
2 13 17 21 20 5 10 5 5 25 13 24 25 6 7 17 16 20 13 22 3 16 11 3 8 22 1 14 23 9 
5 15 25 9 3 5 19 12 3 17 11 25 9 10 9 3 19 25 8 17 4 7 2 10 11 11 3 14 13 23 
4 22 7 21 20 24 24 16 3 3 24 5 18 22 12 4 8 2 20 5 4 2 6 7 6 24 13 15 24 18 
3 6 24 5 13 14 18 13 15 10 5 3 22 6 18 25 14 6 24 7 4 1 19 8 20 3 16 25 16 22 
12 9 18 11 1 19 6 14 10 23 11 20 13 10 1 1 5 1 14 7 10 8 17 17 15 2 12 16 10 10 
24 18 23 19 24 21 10 12 6 25 19 1 21 2 21 9 14 10 8 19 24 15 12 10 12 5 18 2 22 24 
